0 5.82677020417
100 18.1970801806
200 30.8313522264
300 28.2205290774
400 29.2783589213
500 17.3405773958
600 32.0008182853
700 21.3160565857
800 3.20614836714
900 18.2378352473
1000 1.9155006584
1100 37.318496003
1200 37.8831202401
1300 13.4140310376
1400 12.3762371656
1500 30.7207259498
1600 8.15478115107
1700 7.13843051816
1800 7.54379656698
1900 13.8801781446
2000 25.0528655677
2100 38.532631348
2200 8.43335968347
2300 38.2440258447
2400 22.215986632
2500 36.0460817195
2600 32.7207277343
2700 6.416872399
2800 25.9417163248
2900 4.96373122354
3000 0.225803435672
3100 15.8206472241
3200 30.9400280868
3300 22.6463082917
3400 7.70562623948
3500 33.6469885785
3600 36.55107369
3700 34.7445012585
3800 38.9638496636
3900 42.7559961263
4000 48.0468604546
4100 32.5323041713
4200 41.0790323849
4300 49.3704798896
4400 42.1820046376
4500 44.3460815577
4600 45.4991119993
4700 40.1422607472
4800 35.7971059814
4900 41.8074913828
5000 40.5635846677
5100 36.8653655861
5200 47.083433113
5300 37.2599771617
5400 39.6712777617
5500 45.2300323638
5600 46.276369855
5700 47.8091390878
5800 43.0301346532
5900 35.0506583214
6000 46.9474501646
6100 48.1859357218
6200 44.2948727962
6300 45.3391581607
6400 40.2715794446
6500 39.8696385177
6600 41.653690227
6700 32.9437731293
6800 43.5195136942
6900 47.2268212328
7000 33.2940916798
7100 45.0775406175
7200 44.1236412072
7300 62.4200637218
7400 61.0144064996
7500 71.9072706828
7600 64.3829326162
7700 66.1971729285
7800 72.4234678174
7900 73.0166104144
8000 74.9749818038
8100 71.3642685648
8200 66.6748145902
8300 60.2505455449
8400 62.2805985027
8500 63.8565669689
8600 70.5056642173
8700 74.4021261626
8800 64.1829134589
8900 67.7969006784
9000 78.7283358133
9100 68.0121895191
9200 74.2641808318
9300 72.3696877035
9400 73.1946855252
9500 69.5342193447
9600 70.9017567394
9700 74.0166867443
9800 63.2225410714
9900 75.9750772229
10000 77.4575239055
10100 60.942012667
10200 63.9624395868
10300 64.9758891996
10400 61.8867969571
10500 62.7995845991
10600 72.8286974266
10700 62.4601988869
10800 61.3360085618
10900 78.9166344305
11000 68.0404326375
11100 70.8105776349
11200 69.482510157
11300 66.8733046495
11400 69.0843588894
11500 63.8840512345
11600 71.5947384919
11700 65.0243674841
11800 62.9066154102
11900 64.1736195726
12000 68.2544149574
12100 78.6070168018
12200 71.957538019
12300 79.615324287
12400 68.0157089008
12500 65.2094633641
12600 74.2134581648
12700 63.809582625
12800 79.9612769555
12900 67.8108431331
13000 65.428142548
13100 65.4254768486
13200 66.0893258509
13300 78.7341769079
13400 79.8436233137
13500 71.1683330379
13600 64.6395555739
13700 60.1948086401
13800 61.5999476939
13900 65.959598667
14000 72.855488468
14100 72.527225468
14200 77.0666267107
14300 76.421031145
14400 67.0522110647
14500 73.4763654904
14600 68.886602824
14700 74.5641633526
14800 63.6854131377
14900 79.5302802449
15000 60.4567475159
15100 72.3527593691
15200 67.0493085453
15300 76.0149806073
15400 62.8730049966
15500 77.8182787742
15600 60.0643953208
15700 74.7041907927
15800 74.0693037688
15900 70.1469506914
16000 63.4897658796
16100 67.6430533422
16200 68.9330585592
16300 64.2515529557
16400 63.2196959259
16500 76.8489263321
16600 70.9919834024
16700 65.415880542
16800 72.5083970215
16900 72.6591169456
17000 62.7212528046
17100 71.6920228088
17200 71.6877687729
17300 62.220902093
17400 66.0159269163
17500 77.2638422417
17600 71.5808307553
17700 64.4617191027
17800 67.8705247944
17900 69.1678763077
18000 74.1653368401
18100 77.2148761105
18200 61.7488548263
18300 60.9332451087
18400 68.8306703294
18500 60.3997380385
18600 63.086250347
18700 62.1244345142
18800 61.7702332577
18900 72.5063117851
19000 61.9093898766
19100 71.3332056756
19200 79.3229580145
19300 62.8093580848
19400 75.1795282296
19500 71.6840489427
19600 63.404046735
19700 78.9969678757
19800 74.7340320894
19900 67.5884492271
20000 77.768027146
20100 63.0199585462
20200 84.1778418202
20300 84.4311103625
20400 63.3641132677
20500 86.5455839836
20600 82.7367138243
20700 86.5240639314
20800 68.1643328933
20900 81.4135540671
21000 82.611125722
21100 70.1006087261
21200 61.0157963003
21300 60.4116754347
21400 74.6916781014
21500 75.8922314389
21600 63.6250586555
21700 78.2974472395
21800 61.5112146168
21900 73.8643005427
22000 74.808068848
22100 65.9026023394
22200 61.3779403173
22300 86.1878414263
22400 84.7208244851
22500 77.0556751223
22600 60.851372179
22700 75.2346446454
22800 87.9265619786
22900 82.2442799218
23000 79.9670406977
23100 61.1478945989
23200 76.7718967089
23300 66.7475308361
23400 88.6089710306
23500 60.3173957266
23600 66.4596291009
23700 85.5190269821
23800 63.4829761624
23900 68.7016340495
24000 68.8857113707
24100 85.5676868643
24200 80.19056276
24300 87.0841246843
24400 65.5678957584
24500 62.5597773458
24600 69.9544076123
24700 82.2176787538
24800 77.9539505053
24900 87.1184146148
25000 80.6730680934
25100 62.3750792931
25200 69.1377892681
25300 65.9076485419
25400 67.7636390881
25500 79.3294315503
25600 72.8660943508
25700 81.9408390689
25800 60.4620479564
25900 86.3541871463
26000 64.7060097135
26100 81.5370638846
26200 84.4868800941
26300 61.2229451773
26400 75.7284833178
26500 88.2763179106
26600 60.2121167214
26700 74.4180417565
26800 72.3334567671
26900 71.0637132414
27000 65.6374995533
27100 65.2308385964
27200 67.7128113311
27300 66.3079859587
27400 68.5238394112
27500 86.1531121908
27600 87.5213946504
27700 67.5346934101
27800 60.7981802232
27900 67.7176363169
28000 84.8407772337
28100 65.1051075423
28200 79.19761961
28300 62.6925358465
28400 70.2200197687
28500 64.9157657388
28600 77.8767218046
28700 70.73750505
28800 82.4411476119
28900 75.0273705864
29000 71.7092999482
29100 60.6232468376
29200 84.3200200333
29300 61.1328726238
29400 74.4684634455
29500 88.647497985
29600 82.9272779908
29700 70.3102056176
29800 86.9652974384
29900 67.4887713082
30000 76.8645746356
30100 53.0129723604
30200 58.8382669809
30300 41.5432469648
30400 45.9065751325
30500 42.9817599527
30600 66.7496532578
30700 59.5174265455
30800 43.5960622112
30900 60.9524555205
31000 54.7092245247
31100 39.8757200731
31200 49.9639018609
31300 33.9045886787
31400 38.4565291335
31500 33.0809179681
31600 33.2299083528
31700 54.6195956448
31800 63.1956870198
31900 63.3867905982
32000 38.7665396759
32100 67.9104474006
32200 43.3992384096
32300 57.6543849842
32400 53.8210190156
32500 49.0465606285
32600 57.5783361027
32700 65.6344395019
32800 57.8379824974
32900 50.3647301459
33000 64.4567956363
33100 59.8423660273
33200 44.9768284884
33300 69.1598484616
33400 46.1365811331
33500 31.5832209601
33600 68.5452050774
33700 67.7060190086
33800 51.4138191101
33900 60.0148850622
34000 57.8405880555
34100 33.9454051328
34200 61.8266568409
34300 55.1170219253
34400 68.6149677426
34500 49.1656138101
34600 41.1133988914
34700 60.7880698518
34800 52.1181680814
34900 64.9021726492
35000 31.7102922487
35100 57.3775501936
35200 66.3886998031
35300 37.2941193242
35400 33.6305456651
35500 49.6249665658
35600 56.1357715396
35700 55.2540615823
35800 51.1864236251
35900 43.553694073
36000 58.4221765863
